       1             0.0             0.0             0.0       0       0
       2            10.0             0.0             0.0       0       0
       3            20.0             0.0             0.0       0       0
       4            30.0             0.0             0.0       0       0
       5            40.0             0.0             0.0       0       0
       6            50.0             0.0             0.0       0       0
       7            60.0             0.0             0.0       0       0
       8            70.0             0.0             0.0       0       0
       9            80.0             0.0             0.0       0       0
      10            90.0             0.0             0.0       0       0
      11           100.0             0.0             0.0       0       0
      12             0.0            10.0             0.0       0       0
      13            10.0            10.0             0.0       0       0
      14            20.0            10.0             0.0       0       0
      15            30.0            10.0             0.0       0       0
      16            40.0            10.0             0.0       0       0
      17            50.0            10.0             0.0       0       0
      18            60.0            10.0             0.0       0       0
      19            70.0            10.0             0.0       0       0
      20            80.0            10.0             0.0       0       0
      21            90.0            10.0             0.0       0       0
      22           100.0            10.0             0.0       0       0
      23             0.0            20.0             0.0       0       0
      24            10.0            20.0             0.0       0       0
      25            20.0            20.0             0.0       0       0
      26            30.0            20.0             0.0       0       0
      27            40.0            20.0             0.0       0       0
      28            50.0            20.0             0.0       0       0
      29            60.0            20.0             0.0       0       0
      30            70.0            20.0             0.0       0       0
      31            80.0            20.0             0.0       0       0
      32            90.0            20.0             0.0       0       0
      33           100.0            20.0             0.0       0       0
      34             0.0            30.0             0.0       0       0
      35            10.0            30.0             0.0       0       0
      36            20.0            30.0             0.0       0       0
      37            30.0            30.0             0.0       0       0
      38            40.0            30.0             0.0       0       0
      39            50.0            30.0             0.0       0       0
      40            60.0            30.0             0.0       0       0
      41            70.0            30.0             0.0       0       0
      42            80.0            30.0             0.0       0       0
      43            90.0            30.0             0.0       0       0
      44           100.0            30.0             0.0       0       0
      45             0.0            40.0             0.0       0       0
      46            10.0            40.0             0.0       0       0
      47            20.0            40.0             0.0       0       0
      48            30.0            40.0             0.0       0       0
      49            40.0            40.0             0.0       0       0
      50            50.0            40.0             0.0       0       0
      51            60.0            40.0             0.0       0       0
      52            70.0            40.0             0.0       0       0
      53            80.0            40.0             0.0       0       0
      54            90.0            40.0             0.0       0       0
      55           100.0            40.0             0.0       0       0
      56             0.0            50.0             0.0       0       0
      57            10.0            50.0             0.0       0       0
      58            20.0            50.0             0.0       0       0
      59            30.0            50.0             0.0       0       0
      60            40.0            50.0             0.0       0       0
      61            50.0            50.0             0.0       0       0
      62            60.0            50.0             0.0       0       0
      63            70.0            50.0             0.0       0       0
      64            80.0            50.0             0.0       0       0
      65            90.0            50.0             0.0       0       0
      66           100.0            50.0             0.0       0       0
      67             0.0            60.0             0.0       0       0
      68            10.0            60.0             0.0       0       0
      69            20.0            60.0             0.0       0       0
      70            30.0            60.0             0.0       0       0
      71            40.0            60.0             0.0       0       0
      72            50.0            60.0             0.0       0       0
      73            60.0            60.0             0.0       0       0
      74            70.0            60.0             0.0       0       0
      75            80.0            60.0             0.0       0       0
      76            90.0            60.0             0.0       0       0
      77           100.0            60.0             0.0       0       0
      78             0.0            70.0             0.0       0       0
      79            10.0            70.0             0.0       0       0
      80            20.0            70.0             0.0       0       0
      81            30.0            70.0             0.0       0       0
      82            40.0            70.0             0.0       0       0
      83            50.0            70.0             0.0       0       0
      84            60.0            70.0             0.0       0       0
      85            70.0            70.0             0.0       0       0
      86            80.0            70.0             0.0       0       0
      87            90.0            70.0             0.0       0       0
      88           100.0            70.0             0.0       0       0
      89             0.0            80.0             0.0       0       0
      90            10.0            80.0             0.0       0       0
      91            20.0            80.0             0.0       0       0
      92            30.0            80.0             0.0       0       0
      93            40.0            80.0             0.0       0       0
      94            50.0            80.0             0.0       0       0
      95            60.0            80.0             0.0       0       0
      96            70.0            80.0             0.0       0       0
      97            80.0            80.0             0.0       0       0
      98            90.0            80.0             0.0       0       0
      99           100.0            80.0             0.0       0       0
     100             0.0            90.0             0.0       0       0
     101            10.0            90.0             0.0       0       0
     102            20.0            90.0             0.0       0       0
     103            30.0            90.0             0.0       0       0
     104            40.0            90.0             0.0       0       0
     105            50.0            90.0             0.0       0       0
     106            60.0            90.0             0.0       0       0
     107            70.0            90.0             0.0       0       0
     108            80.0            90.0             0.0       0       0
     109            90.0            90.0             0.0       0       0
     110           100.0            90.0             0.0       0       0
     111             0.0           100.0             0.0       0       0
     112            10.0           100.0             0.0       0       0
     113            20.0           100.0             0.0       0       0
     114            30.0           100.0             0.0       0       0
     115            40.0           100.0             0.0       0       0
     116            50.0           100.0             0.0       0       0
     117            60.0           100.0             0.0       0       0
     118            70.0           100.0             0.0       0       0
     119            80.0           100.0             0.0       0       0
     120            90.0           100.0             0.0       0       0
     121           100.0           100.0             0.0       0       0
     122             0.0             0.0            10.0       0       0
     123            10.0             0.0            10.0       0       0
     124            20.0             0.0            10.0       0       0
     125            30.0             0.0            10.0       0       0
     126            40.0             0.0            10.0       0       0
     127            50.0             0.0            10.0       0       0
     128            60.0             0.0            10.0       0       0
     129            70.0             0.0            10.0       0       0
     130            80.0             0.0            10.0       0       0
     131            90.0             0.0            10.0       0       0
     132           100.0             0.0            10.0       0       0
     133             0.0            10.0            10.0       0       0
     134            10.0            10.0            10.0       0       0
     135            20.0            10.0            10.0       0       0
     136            30.0            10.0            10.0       0       0
     137            40.0            10.0            10.0       0       0
     138            50.0            10.0            10.0       0       0
     139            60.0            10.0            10.0       0       0
     140            70.0            10.0            10.0       0       0
     141            80.0            10.0            10.0       0       0
     142            90.0            10.0            10.0       0       0
     143           100.0            10.0            10.0       0       0
     144             0.0            20.0            10.0       0       0
     145            10.0            20.0            10.0       0       0
     146            20.0            20.0            10.0       0       0
     147            30.0            20.0            10.0       0       0
     148            40.0            20.0            10.0       0       0
     149            50.0            20.0            10.0       0       0
     150            60.0            20.0            10.0       0       0
     151            70.0            20.0            10.0       0       0
     152            80.0            20.0            10.0       0       0
     153            90.0            20.0            10.0       0       0
     154           100.0            20.0            10.0       0       0
     155             0.0            30.0            10.0       0       0
     156            10.0            30.0            10.0       0       0
     157            20.0            30.0            10.0       0       0
     158            30.0            30.0            10.0       0       0
     159            40.0            30.0            10.0       0       0
     160            50.0            30.0            10.0       0       0
     161            60.0            30.0            10.0       0       0
     162            70.0            30.0            10.0       0       0
     163            80.0            30.0            10.0       0       0
     164            90.0            30.0            10.0       0       0
     165           100.0            30.0            10.0       0       0
     166             0.0            40.0            10.0       0       0
     167            10.0            40.0            10.0       0       0
     168            20.0            40.0            10.0       0       0
     169            30.0            40.0            10.0       0       0
     170            40.0            40.0            10.0       0       0
     171            50.0            40.0            10.0       0       0
     172            60.0            40.0            10.0       0       0
     173            70.0            40.0            10.0       0       0
     174            80.0            40.0            10.0       0       0
     175            90.0            40.0            10.0       0       0
     176           100.0            40.0            10.0       0       0
     177             0.0            50.0            10.0       0       0
     178            10.0            50.0            10.0       0       0
     179            20.0            50.0            10.0       0       0
     180            30.0            50.0            10.0       0       0
     181            40.0            50.0            10.0       0       0
     182            50.0            50.0            10.0       0       0
     183            60.0            50.0            10.0       0       0
     184            70.0            50.0            10.0       0       0
     185            80.0            50.0            10.0       0       0
     186            90.0            50.0            10.0       0       0
     187           100.0            50.0            10.0       0       0
     188             0.0            60.0            10.0       0       0
     189            10.0            60.0            10.0       0       0
     190            20.0            60.0            10.0       0       0
     191            30.0            60.0            10.0       0       0
     192            40.0            60.0            10.0       0       0
     193            50.0            60.0            10.0       0       0
     194            60.0            60.0            10.0       0       0
     195            70.0            60.0            10.0       0       0
     196            80.0            60.0            10.0       0       0
     197            90.0            60.0            10.0       0       0
     198           100.0            60.0            10.0       0       0
     199             0.0            70.0            10.0       0       0
     200            10.0            70.0            10.0       0       0
     201            20.0            70.0            10.0       0       0
     202            30.0            70.0            10.0       0       0
     203            40.0            70.0            10.0       0       0
     204            50.0            70.0            10.0       0       0
     205            60.0            70.0            10.0       0       0
     206            70.0            70.0            10.0       0       0
     207            80.0            70.0            10.0       0       0
     208            90.0            70.0            10.0       0       0
     209           100.0            70.0            10.0       0       0
     210             0.0            80.0            10.0       0       0
     211            10.0            80.0            10.0       0       0
     212            20.0            80.0            10.0       0       0
     213            30.0            80.0            10.0       0       0
     214            40.0            80.0            10.0       0       0
     215            50.0            80.0            10.0       0       0
     216            60.0            80.0            10.0       0       0
     217            70.0            80.0            10.0       0       0
     218            80.0            80.0            10.0       0       0
     219            90.0            80.0            10.0       0       0
     220           100.0            80.0            10.0       0       0
     221             0.0            90.0            10.0       0       0
     222            10.0            90.0            10.0       0       0
     223            20.0            90.0            10.0       0       0
     224            30.0            90.0            10.0       0       0
     225            40.0            90.0            10.0       0       0
     226            50.0            90.0            10.0       0       0
     227            60.0            90.0            10.0       0       0
     228            70.0            90.0            10.0       0       0
     229            80.0            90.0            10.0       0       0
     230            90.0            90.0            10.0       0       0
     231           100.0            90.0            10.0       0       0
     232             0.0           100.0            10.0       0       0
     233            10.0           100.0            10.0       0       0
     234            20.0           100.0            10.0       0       0
     235            30.0           100.0            10.0       0       0
     236            40.0           100.0            10.0       0       0
     237            50.0           100.0            10.0       0       0
     238            60.0           100.0            10.0       0       0
     239            70.0           100.0            10.0       0       0
     240            80.0           100.0            10.0       0       0
     241            90.0           100.0            10.0       0       0
     242           100.0           100.0            10.0       0       0
     243             0.0             0.0            20.0       0       0
     244            10.0             0.0            20.0       0       0
     245            20.0             0.0            20.0       0       0
     246            30.0             0.0            20.0       0       0
     247            40.0             0.0            20.0       0       0
     248            50.0             0.0            20.0       0       0
     249            60.0             0.0            20.0       0       0
     250            70.0             0.0            20.0       0       0
     251            80.0             0.0            20.0       0       0
     252            90.0             0.0            20.0       0       0
     253           100.0             0.0            20.0       0       0
     254             0.0            10.0            20.0       0       0
     255            10.0            10.0            20.0       0       0
     256            20.0            10.0            20.0       0       0
     257            30.0            10.0            20.0       0       0
     258            40.0            10.0            20.0       0       0
     259            50.0            10.0            20.0       0       0
     260            60.0            10.0            20.0       0       0
     261            70.0            10.0            20.0       0       0
     262            80.0            10.0            20.0       0       0
     263            90.0            10.0            20.0       0       0
     264           100.0            10.0            20.0       0       0
     265             0.0            20.0            20.0       0       0
     266            10.0            20.0            20.0       0       0
     267            20.0            20.0            20.0       0       0
     268            30.0            20.0            20.0       0       0
     269            40.0            20.0            20.0       0       0
     270            50.0            20.0            20.0       0       0
     271            60.0            20.0            20.0       0       0
     272            70.0            20.0            20.0       0       0
     273            80.0            20.0            20.0       0       0
     274            90.0            20.0            20.0       0       0
     275           100.0            20.0            20.0       0       0
     276             0.0            30.0            20.0       0       0
     277            10.0            30.0            20.0       0       0
     278            20.0            30.0            20.0       0       0
     279            30.0            30.0            20.0       0       0
     280            40.0            30.0            20.0       0       0
     281            50.0            30.0            20.0       0       0
     282            60.0            30.0            20.0       0       0
     283            70.0            30.0            20.0       0       0
     284            80.0            30.0            20.0       0       0
     285            90.0            30.0            20.0       0       0
     286           100.0            30.0            20.0       0       0
     287             0.0            40.0            20.0       0       0
     288            10.0            40.0            20.0       0       0
     289            20.0            40.0            20.0       0       0
     290            30.0            40.0            20.0       0       0
     291            40.0            40.0            20.0       0       0
     292            50.0            40.0            20.0       0       0
     293            60.0            40.0            20.0       0       0
     294            70.0            40.0            20.0       0       0
     295            80.0            40.0            20.0       0       0
     296            90.0            40.0            20.0       0       0
     297           100.0            40.0            20.0       0       0
     298             0.0            50.0            20.0       0       0
     299            10.0            50.0            20.0       0       0
     300            20.0            50.0            20.0       0       0
     301            30.0            50.0            20.0       0       0
     302            40.0            50.0            20.0       0       0
     303            50.0            50.0            20.0       0       0
     304            60.0            50.0            20.0       0       0
     305            70.0            50.0            20.0       0       0
     306            80.0            50.0            20.0       0       0
     307            90.0            50.0            20.0       0       0
     308           100.0            50.0            20.0       0       0
     309             0.0            60.0            20.0       0       0
     310            10.0            60.0            20.0       0       0
     311            20.0            60.0            20.0       0       0
     312            30.0            60.0            20.0       0       0
     313            40.0            60.0            20.0       0       0
     314            50.0            60.0            20.0       0       0
     315            60.0            60.0            20.0       0       0
     316            70.0            60.0            20.0       0       0
     317            80.0            60.0            20.0       0       0
     318            90.0            60.0            20.0       0       0
     319           100.0            60.0            20.0       0       0
     320             0.0            70.0            20.0       0       0
     321            10.0            70.0            20.0       0       0
     322            20.0            70.0            20.0       0       0
     323            30.0            70.0            20.0       0       0
     324            40.0            70.0            20.0       0       0
     325            50.0            70.0            20.0       0       0
     326            60.0            70.0            20.0       0       0
     327            70.0            70.0            20.0       0       0
     328            80.0            70.0            20.0       0       0
     329            90.0            70.0            20.0       0       0
     330           100.0            70.0            20.0       0       0
     331             0.0            80.0            20.0       0       0
     332            10.0            80.0            20.0       0       0
     333            20.0            80.0            20.0       0       0
     334            30.0            80.0            20.0       0       0
     335            40.0            80.0            20.0       0       0
     336            50.0            80.0            20.0       0       0
     337            60.0            80.0            20.0       0       0
     338            70.0            80.0            20.0       0       0
     339            80.0            80.0            20.0       0       0
     340            90.0            80.0            20.0       0       0
     341           100.0            80.0            20.0       0       0
     342             0.0            90.0            20.0       0       0
     343            10.0            90.0            20.0       0       0
     344            20.0            90.0            20.0       0       0
     345            30.0            90.0            20.0       0       0
     346            40.0            90.0            20.0       0       0
     347            50.0            90.0            20.0       0       0
     348            60.0            90.0            20.0       0       0
     349            70.0            90.0            20.0       0       0
     350            80.0            90.0            20.0       0       0
     351            90.0            90.0            20.0       0       0
     352           100.0            90.0            20.0       0       0
     353             0.0           100.0            20.0       0       0
     354            10.0           100.0            20.0       0       0
     355            20.0           100.0            20.0       0       0
     356            30.0           100.0            20.0       0       0
     357            40.0           100.0            20.0       0       0
     358            50.0           100.0            20.0       0       0
     359            60.0           100.0            20.0       0       0
     360            70.0           100.0            20.0       0       0
     361            80.0           100.0            20.0       0       0
     362            90.0           100.0            20.0       0       0
     363           100.0           100.0            20.0       0       0
     364             0.0             0.0            30.0       0       0
     365            10.0             0.0            30.0       0       0
     366            20.0             0.0            30.0       0       0
     367            30.0             0.0            30.0       0       0
     368            40.0             0.0            30.0       0       0
     369            50.0             0.0            30.0       0       0
     370            60.0             0.0            30.0       0       0
     371            70.0             0.0            30.0       0       0
     372            80.0             0.0            30.0       0       0
     373            90.0             0.0            30.0       0       0
     374           100.0             0.0            30.0       0       0
     375             0.0            10.0            30.0       0       0
     376            10.0            10.0            30.0       0       0
     377            20.0            10.0            30.0       0       0
     378            30.0            10.0            30.0       0       0
     379            40.0            10.0            30.0       0       0
     380            50.0            10.0            30.0       0       0
     381            60.0            10.0            30.0       0       0
     382            70.0            10.0            30.0       0       0
     383            80.0            10.0            30.0       0       0
     384            90.0            10.0            30.0       0       0
     385           100.0            10.0            30.0       0       0
     386             0.0            20.0            30.0       0       0
     387            10.0            20.0            30.0       0       0
     388            20.0            20.0            30.0       0       0
     389            30.0            20.0            30.0       0       0
     390            40.0            20.0            30.0       0       0
     391            50.0            20.0            30.0       0       0
     392            60.0            20.0            30.0       0       0
     393            70.0            20.0            30.0       0       0
     394            80.0            20.0            30.0       0       0
     395            90.0            20.0            30.0       0       0
     396           100.0            20.0            30.0       0       0
     397             0.0            30.0            30.0       0       0
     398            10.0            30.0            30.0       0       0
     399            20.0            30.0            30.0       0       0
     400            30.0            30.0            30.0       0       0
     401            40.0            30.0            30.0       0       0
     402            50.0            30.0            30.0       0       0
     403            60.0            30.0            30.0       0       0
     404            70.0            30.0            30.0       0       0
     405            80.0            30.0            30.0       0       0
     406            90.0            30.0            30.0       0       0
     407           100.0            30.0            30.0       0       0
     408             0.0            40.0            30.0       0       0
     409            10.0            40.0            30.0       0       0
     410            20.0            40.0            30.0       0       0
     411            30.0            40.0            30.0       0       0
     412            40.0            40.0            30.0       0       0
     413            50.0            40.0            30.0       0       0
     414            60.0            40.0            30.0       0       0
     415            70.0            40.0            30.0       0       0
     416            80.0            40.0            30.0       0       0
     417            90.0            40.0            30.0       0       0
     418           100.0            40.0            30.0       0       0
     419             0.0            50.0            30.0       0       0
     420            10.0            50.0            30.0       0       0
     421            20.0            50.0            30.0       0       0
     422            30.0            50.0            30.0       0       0
     423            40.0            50.0            30.0       0       0
     424            50.0            50.0            30.0       0       0
     425            60.0            50.0            30.0       0       0
     426            70.0            50.0            30.0       0       0
     427            80.0            50.0            30.0       0       0
     428            90.0            50.0            30.0       0       0
     429           100.0            50.0            30.0       0       0
     430             0.0            60.0            30.0       0       0
     431            10.0            60.0            30.0       0       0
     432            20.0            60.0            30.0       0       0
     433            30.0            60.0            30.0       0       0
     434            40.0            60.0            30.0       0       0
     435            50.0            60.0            30.0       0       0
     436            60.0            60.0            30.0       0       0
     437            70.0            60.0            30.0       0       0
     438            80.0            60.0            30.0       0       0
     439            90.0            60.0            30.0       0       0
     440           100.0            60.0            30.0       0       0
     441             0.0            70.0            30.0       0       0
     442            10.0            70.0            30.0       0       0
     443            20.0            70.0            30.0       0       0
     444            30.0            70.0            30.0       0       0
     445            40.0            70.0            30.0       0       0
     446            50.0            70.0            30.0       0       0
     447            60.0            70.0            30.0       0       0
     448            70.0            70.0            30.0       0       0
     449            80.0            70.0            30.0       0       0
     450            90.0            70.0            30.0       0       0
     451           100.0            70.0            30.0       0       0
     452             0.0            80.0            30.0       0       0
     453            10.0            80.0            30.0       0       0
     454            20.0            80.0            30.0       0       0
     455            30.0            80.0            30.0       0       0
     456            40.0            80.0            30.0       0       0
     457            50.0            80.0            30.0       0       0
     458            60.0            80.0            30.0       0       0
     459            70.0            80.0            30.0       0       0
     460            80.0            80.0            30.0       0       0
     461            90.0            80.0            30.0       0       0
     462           100.0            80.0            30.0       0       0
     463             0.0            90.0            30.0       0       0
     464            10.0            90.0            30.0       0       0
     465            20.0            90.0            30.0       0       0
     466            30.0            90.0            30.0       0       0
     467            40.0            90.0            30.0       0       0
     468            50.0            90.0            30.0       0       0
     469            60.0            90.0            30.0       0       0
     470            70.0            90.0            30.0       0       0
     471            80.0            90.0            30.0       0       0
     472            90.0            90.0            30.0       0       0
     473           100.0            90.0            30.0       0       0
     474             0.0           100.0            30.0       0       0
     475            10.0           100.0            30.0       0       0
     476            20.0           100.0            30.0       0       0
     477            30.0           100.0            30.0       0       0
     478            40.0           100.0            30.0       0       0
     479            50.0           100.0            30.0       0       0
     480            60.0           100.0            30.0       0       0
     481            70.0           100.0            30.0       0       0
     482            80.0           100.0            30.0       0       0
     483            90.0           100.0            30.0       0       0
     484           100.0           100.0            30.0       0       0
     485             0.0             0.0            40.0       0       0
     486            10.0             0.0            40.0       0       0
     487            20.0             0.0            40.0       0       0
     488            30.0             0.0            40.0       0       0
     489            40.0             0.0            40.0       0       0
     490            50.0             0.0            40.0       0       0
     491            60.0             0.0            40.0       0       0
     492            70.0             0.0            40.0       0       0
     493            80.0             0.0            40.0       0       0
     494            90.0             0.0            40.0       0       0
     495           100.0             0.0            40.0       0       0
     496             0.0            10.0            40.0       0       0
     497            10.0            10.0            40.0       0       0
     498            20.0            10.0            40.0       0       0
     499            30.0            10.0            40.0       0       0
     500            40.0            10.0            40.0       0       0
     501            50.0            10.0            40.0       0       0
     502            60.0            10.0            40.0       0       0
     503            70.0            10.0            40.0       0       0
     504            80.0            10.0            40.0       0       0
     505            90.0            10.0            40.0       0       0
     506           100.0            10.0            40.0       0       0
     507             0.0            20.0            40.0       0       0
     508            10.0            20.0            40.0       0       0
     509            20.0            20.0            40.0       0       0
     510            30.0            20.0            40.0       0       0
     511            40.0            20.0            40.0       0       0
     512            50.0            20.0            40.0       0       0
     513            60.0            20.0            40.0       0       0
     514            70.0            20.0            40.0       0       0
     515            80.0            20.0            40.0       0       0
     516            90.0            20.0            40.0       0       0
     517           100.0            20.0            40.0       0       0
     518             0.0            30.0            40.0       0       0
     519            10.0            30.0            40.0       0       0
     520            20.0            30.0            40.0       0       0
     521            30.0            30.0            40.0       0       0
     522            40.0            30.0            40.0       0       0
     523            50.0            30.0            40.0       0       0
     524            60.0            30.0            40.0       0       0
     525            70.0            30.0            40.0       0       0
     526            80.0            30.0            40.0       0       0
     527            90.0            30.0            40.0       0       0
     528           100.0            30.0            40.0       0       0
     529             0.0            40.0            40.0       0       0
     530            10.0            40.0            40.0       0       0
     531            20.0            40.0            40.0       0       0
     532            30.0            40.0            40.0       0       0
     533            40.0            40.0            40.0       0       0
     534            50.0            40.0            40.0       0       0
     535            60.0            40.0            40.0       0       0
     536            70.0            40.0            40.0       0       0
     537            80.0            40.0            40.0       0       0
     538            90.0            40.0            40.0       0       0
     539           100.0            40.0            40.0       0       0
     540             0.0            50.0            40.0       0       0
     541            10.0            50.0            40.0       0       0
     542            20.0            50.0            40.0       0       0
     543            30.0            50.0            40.0       0       0
     544            40.0            50.0            40.0       0       0
     545            50.0            50.0            40.0       0       0
     546            60.0            50.0            40.0       0       0
     547            70.0            50.0            40.0       0       0
     548            80.0            50.0            40.0       0       0
     549            90.0            50.0            40.0       0       0
     550           100.0            50.0            40.0       0       0
     551             0.0            60.0            40.0       0       0
     552            10.0            60.0            40.0       0       0
     553            20.0            60.0            40.0       0       0
     554            30.0            60.0            40.0       0       0
     555            40.0            60.0            40.0       0       0
     556            50.0            60.0            40.0       0       0
     557            60.0            60.0            40.0       0       0
     558            70.0            60.0            40.0       0       0
     559            80.0            60.0            40.0       0       0
     560            90.0            60.0            40.0       0       0
     561           100.0            60.0            40.0       0       0
     562             0.0            70.0            40.0       0       0
     563            10.0            70.0            40.0       0       0
     564            20.0            70.0            40.0       0       0
     565            30.0            70.0            40.0       0       0
     566            40.0            70.0            40.0       0       0
     567            50.0            70.0            40.0       0       0
     568            60.0            70.0            40.0       0       0
     569            70.0            70.0            40.0       0       0
     570            80.0            70.0            40.0       0       0
     571            90.0            70.0            40.0       0       0
     572           100.0            70.0            40.0       0       0
     573             0.0            80.0            40.0       0       0
     574            10.0            80.0            40.0       0       0
     575            20.0            80.0            40.0       0       0
     576            30.0            80.0            40.0       0       0
     577            40.0            80.0            40.0       0       0
     578            50.0            80.0            40.0       0       0
     579            60.0            80.0            40.0       0       0
     580            70.0            80.0            40.0       0       0
     581            80.0            80.0            40.0       0       0
     582            90.0            80.0            40.0       0       0
     583           100.0            80.0            40.0       0       0
     584             0.0            90.0            40.0       0       0
     585            10.0            90.0            40.0       0       0
     586            20.0            90.0            40.0       0       0
     587            30.0            90.0            40.0       0       0
     588            40.0            90.0            40.0       0       0
     589            50.0            90.0            40.0       0       0
     590            60.0            90.0            40.0       0       0
     591            70.0            90.0            40.0       0       0
     592            80.0            90.0            40.0       0       0
     593            90.0            90.0            40.0       0       0
     594           100.0            90.0            40.0       0       0
     595             0.0           100.0            40.0       0       0
     596            10.0           100.0            40.0       0       0
     597            20.0           100.0            40.0       0       0
     598            30.0           100.0            40.0       0       0
     599            40.0           100.0            40.0       0       0
     600            50.0           100.0            40.0       0       0
     601            60.0           100.0            40.0       0       0
     602            70.0           100.0            40.0       0       0
     603            80.0           100.0            40.0       0       0
     604            90.0           100.0            40.0       0       0
     605           100.0           100.0            40.0       0       0
     606             0.0             0.0            50.0       0       0
     607            10.0             0.0            50.0       0       0
     608            20.0             0.0            50.0       0       0
     609            30.0             0.0            50.0       0       0
     610            40.0             0.0            50.0       0       0
     611            50.0             0.0            50.0       0       0
     612            60.0             0.0            50.0       0       0
     613            70.0             0.0            50.0       0       0
     614            80.0             0.0            50.0       0       0
     615            90.0             0.0            50.0       0       0
     616           100.0             0.0            50.0       0       0
     617             0.0            10.0            50.0       0       0
     618            10.0            10.0            50.0       0       0
     619            20.0            10.0            50.0       0       0
     620            30.0            10.0            50.0       0       0
     621            40.0            10.0            50.0       0       0
     622            50.0            10.0            50.0       0       0
     623            60.0            10.0            50.0       0       0
     624            70.0            10.0            50.0       0       0
     625            80.0            10.0            50.0       0       0
     626            90.0            10.0            50.0       0       0
     627           100.0            10.0            50.0       0       0
     628             0.0            20.0            50.0       0       0
     629            10.0            20.0            50.0       0       0
     630            20.0            20.0            50.0       0       0
     631            30.0            20.0            50.0       0       0
     632            40.0            20.0            50.0       0       0
     633            50.0            20.0            50.0       0       0
     634            60.0            20.0            50.0       0       0
     635            70.0            20.0            50.0       0       0
     636            80.0            20.0            50.0       0       0
     637            90.0            20.0            50.0       0       0
     638           100.0            20.0            50.0       0       0
     639             0.0            30.0            50.0       0       0
     640            10.0            30.0            50.0       0       0
     641            20.0            30.0            50.0       0       0
     642            30.0            30.0            50.0       0       0
     643            40.0            30.0            50.0       0       0
     644            50.0            30.0            50.0       0       0
     645            60.0            30.0            50.0       0       0
     646            70.0            30.0            50.0       0       0
     647            80.0            30.0            50.0       0       0
     648            90.0            30.0            50.0       0       0
     649           100.0            30.0            50.0       0       0
     650             0.0            40.0            50.0       0       0
     651            10.0            40.0            50.0       0       0
     652            20.0            40.0            50.0       0       0
     653            30.0            40.0            50.0       0       0
     654            40.0            40.0            50.0       0       0
     655            50.0            40.0            50.0       0       0
     656            60.0            40.0            50.0       0       0
     657            70.0            40.0            50.0       0       0
     658            80.0            40.0            50.0       0       0
     659            90.0            40.0            50.0       0       0
     660           100.0            40.0            50.0       0       0
     661             0.0            50.0            50.0       0       0
     662            10.0            50.0            50.0       0       0
     663            20.0            50.0            50.0       0       0
     664            30.0            50.0            50.0       0       0
     665            40.0            50.0            50.0       0       0
     666            50.0            50.0            50.0       0       0
     667            60.0            50.0            50.0       0       0
     668            70.0            50.0            50.0       0       0
     669            80.0            50.0            50.0       0       0
     670            90.0            50.0            50.0       0       0
     671           100.0            50.0            50.0       0       0
     672             0.0            60.0            50.0       0       0
     673            10.0            60.0            50.0       0       0
     674            20.0            60.0            50.0       0       0
     675            30.0            60.0            50.0       0       0
     676            40.0            60.0            50.0       0       0
     677            50.0            60.0            50.0       0       0
     678            60.0            60.0            50.0       0       0
     679            70.0            60.0            50.0       0       0
     680            80.0            60.0            50.0       0       0
     681            90.0            60.0            50.0       0       0
     682           100.0            60.0            50.0       0       0
     683             0.0            70.0            50.0       0       0
     684            10.0            70.0            50.0       0       0
     685            20.0            70.0            50.0       0       0
     686            30.0            70.0            50.0       0       0
     687            40.0            70.0            50.0       0       0
     688            50.0            70.0            50.0       0       0
     689            60.0            70.0            50.0       0       0
     690            70.0            70.0            50.0       0       0
     691            80.0            70.0            50.0       0       0
     692            90.0            70.0            50.0       0       0
     693           100.0            70.0            50.0       0       0
     694             0.0            80.0            50.0       0       0
     695            10.0            80.0            50.0       0       0
     696            20.0            80.0            50.0       0       0
     697            30.0            80.0            50.0       0       0
     698            40.0            80.0            50.0       0       0
     699            50.0            80.0            50.0       0       0
     700            60.0            80.0            50.0       0       0
     701            70.0            80.0            50.0       0       0
     702            80.0            80.0            50.0       0       0
     703            90.0            80.0            50.0       0       0
     704           100.0            80.0            50.0       0       0
     705             0.0            90.0            50.0       0       0
     706            10.0            90.0            50.0       0       0
     707            20.0            90.0            50.0       0       0
     708            30.0            90.0            50.0       0       0
     709            40.0            90.0            50.0       0       0
     710            50.0            90.0            50.0       0       0
     711            60.0            90.0            50.0       0       0
     712            70.0            90.0            50.0       0       0
     713            80.0            90.0            50.0       0       0
     714            90.0            90.0            50.0       0       0
     715           100.0            90.0            50.0       0       0
     716             0.0           100.0            50.0       0       0
     717            10.0           100.0            50.0       0       0
     718            20.0           100.0            50.0       0       0
     719            30.0           100.0            50.0       0       0
     720            40.0           100.0            50.0       0       0
     721            50.0           100.0            50.0       0       0
     722            60.0           100.0            50.0       0       0
     723            70.0           100.0            50.0       0       0
     724            80.0           100.0            50.0       0       0
     725            90.0           100.0            50.0       0       0
     726           100.0           100.0            50.0       0       0
     727             0.0             0.0            60.0       0       0
     728            10.0             0.0            60.0       0       0
     729            20.0             0.0            60.0       0       0
     730            30.0             0.0            60.0       0       0
     731            40.0             0.0            60.0       0       0
     732            50.0             0.0            60.0       0       0
     733            60.0             0.0            60.0       0       0
     734            70.0             0.0            60.0       0       0
     735            80.0             0.0            60.0       0       0
     736            90.0             0.0            60.0       0       0
     737           100.0             0.0            60.0       0       0
     738             0.0            10.0            60.0       0       0
     739            10.0            10.0            60.0       0       0
     740            20.0            10.0            60.0       0       0
     741            30.0            10.0            60.0       0       0
     742            40.0            10.0            60.0       0       0
     743            50.0            10.0            60.0       0       0
     744            60.0            10.0            60.0       0       0
     745            70.0            10.0            60.0       0       0
     746            80.0            10.0            60.0       0       0
     747            90.0            10.0            60.0       0       0
     748           100.0            10.0            60.0       0       0
     749             0.0            20.0            60.0       0       0
     750            10.0            20.0            60.0       0       0
     751            20.0            20.0            60.0       0       0
     752            30.0            20.0            60.0       0       0
     753            40.0            20.0            60.0       0       0
     754            50.0            20.0            60.0       0       0
     755            60.0            20.0            60.0       0       0
     756            70.0            20.0            60.0       0       0
     757            80.0            20.0            60.0       0       0
     758            90.0            20.0            60.0       0       0
     759           100.0            20.0            60.0       0       0
     760             0.0            30.0            60.0       0       0
     761            10.0            30.0            60.0       0       0
     762            20.0            30.0            60.0       0       0
     763            30.0            30.0            60.0       0       0
     764            40.0            30.0            60.0       0       0
     765            50.0            30.0            60.0       0       0
     766            60.0            30.0            60.0       0       0
     767            70.0            30.0            60.0       0       0
     768            80.0            30.0            60.0       0       0
     769            90.0            30.0            60.0       0       0
     770           100.0            30.0            60.0       0       0
     771             0.0            40.0            60.0       0       0
     772            10.0            40.0            60.0       0       0
     773            20.0            40.0            60.0       0       0
     774            30.0            40.0            60.0       0       0
     775            40.0            40.0            60.0       0       0
     776            50.0            40.0            60.0       0       0
     777            60.0            40.0            60.0       0       0
     778            70.0            40.0            60.0       0       0
     779            80.0            40.0            60.0       0       0
     780            90.0            40.0            60.0       0       0
     781           100.0            40.0            60.0       0       0
     782             0.0            50.0            60.0       0       0
     783            10.0            50.0            60.0       0       0
     784            20.0            50.0            60.0       0       0
     785            30.0            50.0            60.0       0       0
     786            40.0            50.0            60.0       0       0
     787            50.0            50.0            60.0       0       0
     788            60.0            50.0            60.0       0       0
     789            70.0            50.0            60.0       0       0
     790            80.0            50.0            60.0       0       0
     791            90.0            50.0            60.0       0       0
     792           100.0            50.0            60.0       0       0
     793             0.0            60.0            60.0       0       0
     794            10.0            60.0            60.0       0       0
     795            20.0            60.0            60.0       0       0
     796            30.0            60.0            60.0       0       0
     797            40.0            60.0            60.0       0       0
     798            50.0            60.0            60.0       0       0
     799            60.0            60.0            60.0       0       0
     800            70.0            60.0            60.0       0       0
     801            80.0            60.0            60.0       0       0
     802            90.0            60.0            60.0       0       0
     803           100.0            60.0            60.0       0       0
     804             0.0            70.0            60.0       0       0
     805            10.0            70.0            60.0       0       0
     806            20.0            70.0            60.0       0       0
     807            30.0            70.0            60.0       0       0
     808            40.0            70.0            60.0       0       0
     809            50.0            70.0            60.0       0       0
     810            60.0            70.0            60.0       0       0
     811            70.0            70.0            60.0       0       0
     812            80.0            70.0            60.0       0       0
     813            90.0            70.0            60.0       0       0
     814           100.0            70.0            60.0       0       0
     815             0.0            80.0            60.0       0       0
     816            10.0            80.0            60.0       0       0
     817            20.0            80.0            60.0       0       0
     818            30.0            80.0            60.0       0       0
     819            40.0            80.0            60.0       0       0
     820            50.0            80.0            60.0       0       0
     821            60.0            80.0            60.0       0       0
     822            70.0            80.0            60.0       0       0
     823            80.0            80.0            60.0       0       0
     824            90.0            80.0            60.0       0       0
     825           100.0            80.0            60.0       0       0
     826             0.0            90.0            60.0       0       0
     827            10.0            90.0            60.0       0       0
     828            20.0            90.0            60.0       0       0
     829            30.0            90.0            60.0       0       0
     830            40.0            90.0            60.0       0       0
     831            50.0            90.0            60.0       0       0
     832            60.0            90.0            60.0       0       0
     833            70.0            90.0            60.0       0       0
     834            80.0            90.0            60.0       0       0
     835            90.0            90.0            60.0       0       0
     836           100.0            90.0            60.0       0       0
     837             0.0           100.0            60.0       0       0
     838            10.0           100.0            60.0       0       0
     839            20.0           100.0            60.0       0       0
     840            30.0           100.0            60.0       0       0
     841            40.0           100.0            60.0       0       0
     842            50.0           100.0            60.0       0       0
     843            60.0           100.0            60.0       0       0
     844            70.0           100.0            60.0       0       0
     845            80.0           100.0            60.0       0       0
     846            90.0           100.0            60.0       0       0
     847           100.0           100.0            60.0       0       0
     848             0.0             0.0            70.0       0       0
     849            10.0             0.0            70.0       0       0
     850            20.0             0.0            70.0       0       0
     851            30.0             0.0            70.0       0       0
     852            40.0             0.0            70.0       0       0
     853            50.0             0.0            70.0       0       0
     854            60.0             0.0            70.0       0       0
     855            70.0             0.0            70.0       0       0
     856            80.0             0.0            70.0       0       0
     857            90.0             0.0            70.0       0       0
     858           100.0             0.0            70.0       0       0
     859             0.0            10.0            70.0       0       0
     860            10.0            10.0            70.0       0       0
     861            20.0            10.0            70.0       0       0
     862            30.0            10.0            70.0       0       0
     863            40.0            10.0            70.0       0       0
     864            50.0            10.0            70.0       0       0
     865            60.0            10.0            70.0       0       0
     866            70.0            10.0            70.0       0       0
     867            80.0            10.0            70.0       0       0
     868            90.0            10.0            70.0       0       0
     869           100.0            10.0            70.0       0       0
     870             0.0            20.0            70.0       0       0
     871            10.0            20.0            70.0       0       0
     872            20.0            20.0            70.0       0       0
     873            30.0            20.0            70.0       0       0
     874            40.0            20.0            70.0       0       0
     875            50.0            20.0            70.0       0       0
     876            60.0            20.0            70.0       0       0
     877            70.0            20.0            70.0       0       0
     878            80.0            20.0            70.0       0       0
     879            90.0            20.0            70.0       0       0
     880           100.0            20.0            70.0       0       0
     881             0.0            30.0            70.0       0       0
     882            10.0            30.0            70.0       0       0
     883            20.0            30.0            70.0       0       0
     884            30.0            30.0            70.0       0       0
     885            40.0            30.0            70.0       0       0
     886            50.0            30.0            70.0       0       0
     887            60.0            30.0            70.0       0       0
     888            70.0            30.0            70.0       0       0
     889            80.0            30.0            70.0       0       0
     890            90.0            30.0            70.0       0       0
     891           100.0            30.0            70.0       0       0
     892             0.0            40.0            70.0       0       0
     893            10.0            40.0            70.0       0       0
     894            20.0            40.0            70.0       0       0
     895            30.0            40.0            70.0       0       0
     896            40.0            40.0            70.0       0       0
     897            50.0            40.0            70.0       0       0
     898            60.0            40.0            70.0       0       0
     899            70.0            40.0            70.0       0       0
     900            80.0            40.0            70.0       0       0
     901            90.0            40.0            70.0       0       0
     902           100.0            40.0            70.0       0       0
     903             0.0            50.0            70.0       0       0
     904            10.0            50.0            70.0       0       0
     905            20.0            50.0            70.0       0       0
     906            30.0            50.0            70.0       0       0
     907            40.0            50.0            70.0       0       0
     908            50.0            50.0            70.0       0       0
     909            60.0            50.0            70.0       0       0
     910            70.0            50.0            70.0       0       0
     911            80.0            50.0            70.0       0       0
     912            90.0            50.0            70.0       0       0
     913           100.0            50.0            70.0       0       0
     914             0.0            60.0            70.0       0       0
     915            10.0            60.0            70.0       0       0
     916            20.0            60.0            70.0       0       0
     917            30.0            60.0            70.0       0       0
     918            40.0            60.0            70.0       0       0
     919            50.0            60.0            70.0       0       0
     920            60.0            60.0            70.0       0       0
     921            70.0            60.0            70.0       0       0
     922            80.0            60.0            70.0       0       0
     923            90.0            60.0            70.0       0       0
     924           100.0            60.0            70.0       0       0
     925             0.0            70.0            70.0       0       0
     926            10.0            70.0            70.0       0       0
     927            20.0            70.0            70.0       0       0
     928            30.0            70.0            70.0       0       0
     929            40.0            70.0            70.0       0       0
     930            50.0            70.0            70.0       0       0
     931            60.0            70.0            70.0       0       0
     932            70.0            70.0            70.0       0       0
     933            80.0            70.0            70.0       0       0
     934            90.0            70.0            70.0       0       0
     935           100.0            70.0            70.0       0       0
     936             0.0            80.0            70.0       0       0
     937            10.0            80.0            70.0       0       0
     938            20.0            80.0            70.0       0       0
     939            30.0            80.0            70.0       0       0
     940            40.0            80.0            70.0       0       0
     941            50.0            80.0            70.0       0       0
     942            60.0            80.0            70.0       0       0
     943            70.0            80.0            70.0       0       0
     944            80.0            80.0            70.0       0       0
     945            90.0            80.0            70.0       0       0
     946           100.0            80.0            70.0       0       0
     947             0.0            90.0            70.0       0       0
     948            10.0            90.0            70.0       0       0
     949            20.0            90.0            70.0       0       0
     950            30.0            90.0            70.0       0       0
     951            40.0            90.0            70.0       0       0
     952            50.0            90.0            70.0       0       0
     953            60.0            90.0            70.0       0       0
     954            70.0            90.0            70.0       0       0
     955            80.0            90.0            70.0       0       0
     956            90.0            90.0            70.0       0       0
     957           100.0            90.0            70.0       0       0
     958             0.0           100.0            70.0       0       0
     959            10.0           100.0            70.0       0       0
     960            20.0           100.0            70.0       0       0
     961            30.0           100.0            70.0       0       0
     962            40.0           100.0            70.0       0       0
     963            50.0           100.0            70.0       0       0
     964            60.0           100.0            70.0       0       0
     965            70.0           100.0            70.0       0       0
     966            80.0           100.0            70.0       0       0
     967            90.0           100.0            70.0       0       0
     968           100.0           100.0            70.0       0       0
     969             0.0             0.0            80.0       0       0
     970            10.0             0.0            80.0       0       0
     971            20.0             0.0            80.0       0       0
     972            30.0             0.0            80.0       0       0
     973            40.0             0.0            80.0       0       0
     974            50.0             0.0            80.0       0       0
     975            60.0             0.0            80.0       0       0
     976            70.0             0.0            80.0       0       0
     977            80.0             0.0            80.0       0       0
     978            90.0             0.0            80.0       0       0
     979           100.0             0.0            80.0       0       0
     980             0.0            10.0            80.0       0       0
     981            10.0            10.0            80.0       0       0
     982            20.0            10.0            80.0       0       0
     983            30.0            10.0            80.0       0       0
     984            40.0            10.0            80.0       0       0
     985            50.0            10.0            80.0       0       0
     986            60.0            10.0            80.0       0       0
     987            70.0            10.0            80.0       0       0
     988            80.0            10.0            80.0       0       0
     989            90.0            10.0            80.0       0       0
     990           100.0            10.0            80.0       0       0
     991             0.0            20.0            80.0       0       0
     992            10.0            20.0            80.0       0       0
     993            20.0            20.0            80.0       0       0
     994            30.0            20.0            80.0       0       0
     995            40.0            20.0            80.0       0       0
     996            50.0            20.0            80.0       0       0
     997            60.0            20.0            80.0       0       0
     998            70.0            20.0            80.0       0       0
     999            80.0            20.0            80.0       0       0
    1000            90.0            20.0            80.0       0       0
    1001           100.0            20.0            80.0       0       0
    1002             0.0            30.0            80.0       0       0
    1003            10.0            30.0            80.0       0       0
    1004            20.0            30.0            80.0       0       0
    1005            30.0            30.0            80.0       0       0
    1006            40.0            30.0            80.0       0       0
    1007            50.0            30.0            80.0       0       0
    1008            60.0            30.0            80.0       0       0
    1009            70.0            30.0            80.0       0       0
    1010            80.0            30.0            80.0       0       0
    1011            90.0            30.0            80.0       0       0
    1012           100.0            30.0            80.0       0       0
    1013             0.0            40.0            80.0       0       0
    1014            10.0            40.0            80.0       0       0
    1015            20.0            40.0            80.0       0       0
    1016            30.0            40.0            80.0       0       0
    1017            40.0            40.0            80.0       0       0
    1018            50.0            40.0            80.0       0       0
    1019            60.0            40.0            80.0       0       0
    1020            70.0            40.0            80.0       0       0
    1021            80.0            40.0            80.0       0       0
    1022            90.0            40.0            80.0       0       0
    1023           100.0            40.0            80.0       0       0
    1024             0.0            50.0            80.0       0       0
    1025            10.0            50.0            80.0       0       0
    1026            20.0            50.0            80.0       0       0
    1027            30.0            50.0            80.0       0       0
    1028            40.0            50.0            80.0       0       0
    1029            50.0            50.0            80.0       0       0
    1030            60.0            50.0            80.0       0       0
    1031            70.0            50.0            80.0       0       0
    1032            80.0            50.0            80.0       0       0
    1033            90.0            50.0            80.0       0       0
    1034           100.0            50.0            80.0       0       0
    1035             0.0            60.0            80.0       0       0
    1036            10.0            60.0            80.0       0       0
    1037            20.0            60.0            80.0       0       0
    1038            30.0            60.0            80.0       0       0
    1039            40.0            60.0            80.0       0       0
    1040            50.0            60.0            80.0       0       0
    1041            60.0            60.0            80.0       0       0
    1042            70.0            60.0            80.0       0       0
    1043            80.0            60.0            80.0       0       0
    1044            90.0            60.0            80.0       0       0
    1045           100.0            60.0            80.0       0       0
    1046             0.0            70.0            80.0       0       0
    1047            10.0            70.0            80.0       0       0
    1048            20.0            70.0            80.0       0       0
    1049            30.0            70.0            80.0       0       0
    1050            40.0            70.0            80.0       0       0
    1051            50.0            70.0            80.0       0       0
    1052            60.0            70.0            80.0       0       0
    1053            70.0            70.0            80.0       0       0
    1054            80.0            70.0            80.0       0       0
    1055            90.0            70.0            80.0       0       0
    1056           100.0            70.0            80.0       0       0
    1057             0.0            80.0            80.0       0       0
    1058            10.0            80.0            80.0       0       0
    1059            20.0            80.0            80.0       0       0
    1060            30.0            80.0            80.0       0       0
    1061            40.0            80.0            80.0       0       0
    1062            50.0            80.0            80.0       0       0
    1063            60.0            80.0            80.0       0       0
    1064            70.0            80.0            80.0       0       0
    1065            80.0            80.0            80.0       0       0
    1066            90.0            80.0            80.0       0       0
    1067           100.0            80.0            80.0       0       0
    1068             0.0            90.0            80.0       0       0
    1069            10.0            90.0            80.0       0       0
    1070            20.0            90.0            80.0       0       0
    1071            30.0            90.0            80.0       0       0
    1072            40.0            90.0            80.0       0       0
    1073            50.0            90.0            80.0       0       0
    1074            60.0            90.0            80.0       0       0
    1075            70.0            90.0            80.0       0       0
    1076            80.0            90.0            80.0       0       0
    1077            90.0            90.0            80.0       0       0
    1078           100.0            90.0            80.0       0       0
    1079             0.0           100.0            80.0       0       0
    1080            10.0           100.0            80.0       0       0
    1081            20.0           100.0            80.0       0       0
    1082            30.0           100.0            80.0       0       0
    1083            40.0           100.0            80.0       0       0
    1084            50.0           100.0            80.0       0       0
    1085            60.0           100.0            80.0       0       0
    1086            70.0           100.0            80.0       0       0
    1087            80.0           100.0            80.0       0       0
    1088            90.0           100.0            80.0       0       0
    1089           100.0           100.0            80.0       0       0
    1090             0.0             0.0            90.0       0       0
    1091            10.0             0.0            90.0       0       0
    1092            20.0             0.0            90.0       0       0
    1093            30.0             0.0            90.0       0       0
    1094            40.0             0.0            90.0       0       0
    1095            50.0             0.0            90.0       0       0
    1096            60.0             0.0            90.0       0       0
    1097            70.0             0.0            90.0       0       0
    1098            80.0             0.0            90.0       0       0
    1099            90.0             0.0            90.0       0       0
    1100           100.0             0.0            90.0       0       0
    1101             0.0            10.0            90.0       0       0
    1102            10.0            10.0            90.0       0       0
    1103            20.0            10.0            90.0       0       0
    1104            30.0            10.0            90.0       0       0
    1105            40.0            10.0            90.0       0       0
    1106            50.0            10.0            90.0       0       0
    1107            60.0            10.0            90.0       0       0
    1108            70.0            10.0            90.0       0       0
    1109            80.0            10.0            90.0       0       0
    1110            90.0            10.0            90.0       0       0
    1111           100.0            10.0            90.0       0       0
    1112             0.0            20.0            90.0       0       0
    1113            10.0            20.0            90.0       0       0
    1114            20.0            20.0            90.0       0       0
    1115            30.0            20.0            90.0       0       0
    1116            40.0            20.0            90.0       0       0
    1117            50.0            20.0            90.0       0       0
    1118            60.0            20.0            90.0       0       0
    1119            70.0            20.0            90.0       0       0
    1120            80.0            20.0            90.0       0       0
    1121            90.0            20.0            90.0       0       0
    1122           100.0            20.0            90.0       0       0
    1123             0.0            30.0            90.0       0       0
    1124            10.0            30.0            90.0       0       0
    1125            20.0            30.0            90.0       0       0
    1126            30.0            30.0            90.0       0       0
    1127            40.0            30.0            90.0       0       0
    1128            50.0            30.0            90.0       0       0
    1129            60.0            30.0            90.0       0       0
    1130            70.0            30.0            90.0       0       0
    1131            80.0            30.0            90.0       0       0
    1132            90.0            30.0            90.0       0       0
    1133           100.0            30.0            90.0       0       0
    1134             0.0            40.0            90.0       0       0
    1135            10.0            40.0            90.0       0       0
    1136            20.0            40.0            90.0       0       0
    1137            30.0            40.0            90.0       0       0
    1138            40.0            40.0            90.0       0       0
    1139            50.0            40.0            90.0       0       0
    1140            60.0            40.0            90.0       0       0
    1141            70.0            40.0            90.0       0       0
    1142            80.0            40.0            90.0       0       0
    1143            90.0            40.0            90.0       0       0
    1144           100.0            40.0            90.0       0       0
    1145             0.0            50.0            90.0       0       0
    1146            10.0            50.0            90.0       0       0
    1147            20.0            50.0            90.0       0       0
    1148            30.0            50.0            90.0       0       0
    1149            40.0            50.0            90.0       0       0
    1150            50.0            50.0            90.0       0       0
    1151            60.0            50.0            90.0       0       0
    1152            70.0            50.0            90.0       0       0
    1153            80.0            50.0            90.0       0       0
    1154            90.0            50.0            90.0       0       0
    1155           100.0            50.0            90.0       0       0
    1156             0.0            60.0            90.0       0       0
    1157            10.0            60.0            90.0       0       0
    1158            20.0            60.0            90.0       0       0
    1159            30.0            60.0            90.0       0       0
    1160            40.0            60.0            90.0       0       0
    1161            50.0            60.0            90.0       0       0
    1162            60.0            60.0            90.0       0       0
    1163            70.0            60.0            90.0       0       0
    1164            80.0            60.0            90.0       0       0
    1165            90.0            60.0            90.0       0       0
    1166           100.0            60.0            90.0       0       0
    1167             0.0            70.0            90.0       0       0
    1168            10.0            70.0            90.0       0       0
    1169            20.0            70.0            90.0       0       0
    1170            30.0            70.0            90.0       0       0
    1171            40.0            70.0            90.0       0       0
    1172            50.0            70.0            90.0       0       0
    1173            60.0            70.0            90.0       0       0
    1174            70.0            70.0            90.0       0       0
    1175            80.0            70.0            90.0       0       0
    1176            90.0            70.0            90.0       0       0
    1177           100.0            70.0            90.0       0       0
    1178             0.0            80.0            90.0       0       0
    1179            10.0            80.0            90.0       0       0
    1180            20.0            80.0            90.0       0       0
    1181            30.0            80.0            90.0       0       0
    1182            40.0            80.0            90.0       0       0
    1183            50.0            80.0            90.0       0       0
    1184            60.0            80.0            90.0       0       0
    1185            70.0            80.0            90.0       0       0
    1186            80.0            80.0            90.0       0       0
    1187            90.0            80.0            90.0       0       0
    1188           100.0            80.0            90.0       0       0
    1189             0.0            90.0            90.0       0       0
    1190            10.0            90.0            90.0       0       0
    1191            20.0            90.0            90.0       0       0
    1192            30.0            90.0            90.0       0       0
    1193            40.0            90.0            90.0       0       0
    1194            50.0            90.0            90.0       0       0
    1195            60.0            90.0            90.0       0       0
    1196            70.0            90.0            90.0       0       0
    1197            80.0            90.0            90.0       0       0
    1198            90.0            90.0            90.0       0       0
    1199           100.0            90.0            90.0       0       0
    1200             0.0           100.0            90.0       0       0
    1201            10.0           100.0            90.0       0       0
    1202            20.0           100.0            90.0       0       0
    1203            30.0           100.0            90.0       0       0
    1204            40.0           100.0            90.0       0       0
    1205            50.0           100.0            90.0       0       0
    1206            60.0           100.0            90.0       0       0
    1207            70.0           100.0            90.0       0       0
    1208            80.0           100.0            90.0       0       0
    1209            90.0           100.0            90.0       0       0
    1210           100.0           100.0            90.0       0       0
    1211             0.0             0.0           100.0       0       0
    1212            10.0             0.0           100.0       0       0
    1213            20.0             0.0           100.0       0       0
    1214            30.0             0.0           100.0       0       0
    1215            40.0             0.0           100.0       0       0
    1216            50.0             0.0           100.0       0       0
    1217            60.0             0.0           100.0       0       0
    1218            70.0             0.0           100.0       0       0
    1219            80.0             0.0           100.0       0       0
    1220            90.0             0.0           100.0       0       0
    1221           100.0             0.0           100.0       0       0
    1222             0.0            10.0           100.0       0       0
    1223            10.0            10.0           100.0       0       0
    1224            20.0            10.0           100.0       0       0
    1225            30.0            10.0           100.0       0       0
    1226            40.0            10.0           100.0       0       0
    1227            50.0            10.0           100.0       0       0
    1228            60.0            10.0           100.0       0       0
    1229            70.0            10.0           100.0       0       0
    1230            80.0            10.0           100.0       0       0
    1231            90.0            10.0           100.0       0       0
    1232           100.0            10.0           100.0       0       0
    1233             0.0            20.0           100.0       0       0
    1234            10.0            20.0           100.0       0       0
    1235            20.0            20.0           100.0       0       0
    1236            30.0            20.0           100.0       0       0
    1237            40.0            20.0           100.0       0       0
    1238            50.0            20.0           100.0       0       0
    1239            60.0            20.0           100.0       0       0
    1240            70.0            20.0           100.0       0       0
    1241            80.0            20.0           100.0       0       0
    1242            90.0            20.0           100.0       0       0
    1243           100.0            20.0           100.0       0       0
    1244             0.0            30.0           100.0       0       0
    1245            10.0            30.0           100.0       0       0
    1246            20.0            30.0           100.0       0       0
    1247            30.0            30.0           100.0       0       0
    1248            40.0            30.0           100.0       0       0
    1249            50.0            30.0           100.0       0       0
    1250            60.0            30.0           100.0       0       0
    1251            70.0            30.0           100.0       0       0
    1252            80.0            30.0           100.0       0       0
    1253            90.0            30.0           100.0       0       0
    1254           100.0            30.0           100.0       0       0
    1255             0.0            40.0           100.0       0       0
    1256            10.0            40.0           100.0       0       0
    1257            20.0            40.0           100.0       0       0
    1258            30.0            40.0           100.0       0       0
    1259            40.0            40.0           100.0       0       0
    1260            50.0            40.0           100.0       0       0
    1261            60.0            40.0           100.0       0       0
    1262            70.0            40.0           100.0       0       0
    1263            80.0            40.0           100.0       0       0
    1264            90.0            40.0           100.0       0       0
    1265           100.0            40.0           100.0       0       0
    1266             0.0            50.0           100.0       0       0
    1267            10.0            50.0           100.0       0       0
    1268            20.0            50.0           100.0       0       0
    1269            30.0            50.0           100.0       0       0
    1270            40.0            50.0           100.0       0       0
    1271            50.0            50.0           100.0       0       0
    1272            60.0            50.0           100.0       0       0
    1273            70.0            50.0           100.0       0       0
    1274            80.0            50.0           100.0       0       0
    1275            90.0            50.0           100.0       0       0
    1276           100.0            50.0           100.0       0       0
    1277             0.0            60.0           100.0       0       0
    1278            10.0            60.0           100.0       0       0
    1279            20.0            60.0           100.0       0       0
    1280            30.0            60.0           100.0       0       0
    1281            40.0            60.0           100.0       0       0
    1282            50.0            60.0           100.0       0       0
    1283            60.0            60.0           100.0       0       0
    1284            70.0            60.0           100.0       0       0
    1285            80.0            60.0           100.0       0       0
    1286            90.0            60.0           100.0       0       0
    1287           100.0            60.0           100.0       0       0
    1288             0.0            70.0           100.0       0       0
    1289            10.0            70.0           100.0       0       0
    1290            20.0            70.0           100.0       0       0
    1291            30.0            70.0           100.0       0       0
    1292            40.0            70.0           100.0       0       0
    1293            50.0            70.0           100.0       0       0
    1294            60.0            70.0           100.0       0       0
    1295            70.0            70.0           100.0       0       0
    1296            80.0            70.0           100.0       0       0
    1297            90.0            70.0           100.0       0       0
    1298           100.0            70.0           100.0       0       0
    1299             0.0            80.0           100.0       0       0
    1300            10.0            80.0           100.0       0       0
    1301            20.0            80.0           100.0       0       0
    1302            30.0            80.0           100.0       0       0
    1303            40.0            80.0           100.0       0       0
    1304            50.0            80.0           100.0       0       0
    1305            60.0            80.0           100.0       0       0
    1306            70.0            80.0           100.0       0       0
    1307            80.0            80.0           100.0       0       0
    1308            90.0            80.0           100.0       0       0
    1309           100.0            80.0           100.0       0       0
    1310             0.0            90.0           100.0       0       0
    1311            10.0            90.0           100.0       0       0
    1312            20.0            90.0           100.0       0       0
    1313            30.0            90.0           100.0       0       0
    1314            40.0            90.0           100.0       0       0
    1315            50.0            90.0           100.0       0       0
    1316            60.0            90.0           100.0       0       0
    1317            70.0            90.0           100.0       0       0
    1318            80.0            90.0           100.0       0       0
    1319            90.0            90.0           100.0       0       0
    1320           100.0            90.0           100.0       0       0
    1321             0.0           100.0           100.0       0       0
    1322            10.0           100.0           100.0       0       0
    1323            20.0           100.0           100.0       0       0
    1324            30.0           100.0           100.0       0       0
    1325            40.0           100.0           100.0       0       0
    1326            50.0           100.0           100.0       0       0
    1327            60.0           100.0           100.0       0       0
    1328            70.0           100.0           100.0       0       0
    1329            80.0           100.0           100.0       0       0
    1330            90.0           100.0           100.0       0       0
    1331           100.0           100.0           100.0       0       0